<?xml version="1.0"?>
<opencv_storage>
<vocabulary type_id="opencv-matrix">
  <rows>3</rows>
  <cols>3</cols>
  <dt>d</dt>
  <data>
    9.9252351580378095e-001 2.4129733865440456e-002
    3.7292512949019527e+002 -8.4447156332812606e-002
    1.1063028534942791e+000 2.7297735419080897e+002
    -1.9942670731245725e-004 6.2429616255735686e-005 1.</data></vocabulary>
</opencv_storage>
